y <- c(9, 9, 19)
x <- c(1, 2, 3)